0.0403225806452
0.00806451612903
0.00806451612903
0.00806451612903
0.00806451612903
0.0403225806452
0.0564516129032
0.0
0.0
0.0
0.0
0.0564516129032
0.129032258065
0.0
0.0
0.0
0.0
0.129032258065
0.112903225806
0.0483870967742
0.0
0.0
0.0483870967742
0.112903225806
0.0967741935484
0.00806451612903
0.0
0.0
0.0
0.0887096774194
0.0
0.0
0.0
0.0
0.0
0.0
0.107913669065
0.0575539568345
0.0359712230216
0.0359712230216
0.0575539568345
0.0575539568345
0.0935251798561
0.0287769784173
0.0215827338129
0.0215827338129
0.0287769784173
0.107913669065
0.0863309352518
0.0
0.0
0.0
0.0
0.151079136691
0.00719424460432
0.0
0.0
0.0
0.0
0.10071942446
0.0169491525424
0.00847457627119
0.0169491525424
0.0169491525424
0.00847457627119
0.00847457627119
0.0
0.0169491525424
0.0423728813559
0.0254237288136
0.0169491525424
0.0
0.0338983050847
0.0338983050847
0.0338983050847
0.0169491525424
0.0
0.0338983050847
0.186440677966
0.0508474576271
0.0508474576271
0.00847457627119
0.0254237288136
0.14406779661
0.0932203389831
0.0
0.0
0.0
0.0
0.110169491525
0.0
0.0
0.0
0.0
0.0
0.0
0.0827586206897
0.048275862069
0.048275862069
0.0344827586207
0.0413793103448
0.0758620689655
0.0965517241379
0.0344827586207
0.0275862068966
0.0206896551724
0.048275862069
0.0965517241379
0.0827586206897
0.0
0.0
0.0
0.0
0.193103448276
0.0
0.0
0.0
0.0
0.0
0.0689655172414
0.017094017094
0.00854700854701
0.017094017094
0.017094017094
0.00854700854701
0.00854700854701
0.0
0.025641025641
0.034188034188
0.025641025641
0.017094017094
0.0
0.034188034188
0.034188034188
0.034188034188
0.017094017094
0.0
0.034188034188
0.179487179487
0.0512820512821
0.0512820512821
0.00854700854701
0.025641025641
0.128205128205
0.102564102564
0.0
0.0
0.0
0.0
0.119658119658
0.0196078431373
0.0196078431373
0.0196078431373
0.0
0.0
0.0392156862745
0.0
0.0
0.0196078431373
0.0392156862745
0.0294117647059
0.0392156862745
0.0
0.0
0.0
0.0294117647059
0.0392156862745
0.0588235294118
0.0882352941176
0.0
0.0
0.0
0.0392156862745
0.117647058824
0.205882352941
0.0
0.0
0.0
0.0
0.196078431373
0.027027027027
0.0135135135135
0.027027027027
0.0
0.0135135135135
0.027027027027
0.0675675675676
0.0
0.0
0.0
0.0
0.0675675675676
0.0810810810811
0.0
0.0
0.0
0.0
0.0675675675676
0.189189189189
0.0
0.0
0.0
0.0
0.148648648649
0.0540540540541
0.0
0.0
0.0
0.0
0.216216216216
0.0280373831776
0.00467289719626
0.00467289719626
0.00467289719626
0.00467289719626
0.0280373831776
0.0654205607477
0.0
0.0
0.0
0.0
0.0467289719626
0.0841121495327
0.0514018691589
0.0327102803738
0.0373831775701
0.0280373831776
0.0794392523364
0.0934579439252
0.0607476635514
0.0420560747664
0.0420560747664
0.0981308411215
0.0794392523364
0.018691588785
0.0
0.0
0.0
0.0233644859813
0.0420560747664
0.0
0.0
0.0
0.0
0.0
0.0
0.0
0.0
0.0
0.0
0.0
0.0
0.0
0.0
0.0
0.0
0.0
0.0
0.166666666667
0.0
0.166666666667
0.166666666667
0.0
0.166666666667
0.166666666667
0.0
0.0
0.0
0.0
0.166666666667
0.0284090909091
0.0113636363636
0.0
0.00568181818182
0.0
0.0340909090909
0.0397727272727
0.0
0.0
0.0
0.0
0.0397727272727
0.113636363636
0.0113636363636
0.0340909090909
0.0340909090909
0.0170454545455
0.0909090909091
0.0965909090909
0.107954545455
0.0511363636364
0.0511363636364
0.0795454545455
0.0454545454545
0.00568181818182
0.0284090909091
0.0
0.0
0.0625
0.0113636363636
0.0358974358974
0.0
0.0
0.0
0.0
0.025641025641
0.0717948717949
0.0307692307692
0.0153846153846
0.025641025641
0.0512820512821
0.0512820512821
0.0871794871795
0.0205128205128
0.0102564102564
0.0
0.0410256410256
0.0666666666667
0.179487179487
0.0
0.0
0.0
0.0102564102564
0.220512820513
0.0512820512821
0.0
0.0
0.0
0.0
0.00512820512821
0.0
0.0
0.0
0.0
0.0
0.0
0.0833333333333
0.0
0.0
0.0
0.0
0.0
0.0
0.0
0.0
0.0
0.0
0.0
0.166666666667
0.0833333333333
0.0833333333333
0.0833333333333
0.0833333333333
0.166666666667
0.0833333333333
0.0
0.0
0.0
0.0
0.166666666667
0.0340909090909
0.00568181818182
0.0
0.00568181818182
0.0
0.0340909090909
0.0397727272727
0.0
0.0
0.0
0.0
0.0397727272727
0.113636363636
0.0170454545455
0.0397727272727
0.0340909090909
0.0113636363636
0.0909090909091
0.0965909090909
0.102272727273
0.0454545454545
0.0511363636364
0.0909090909091
0.0454545454545
0.00568181818182
0.0227272727273
0.0
0.0
0.0625
0.0113636363636
0.0281690140845
0.00469483568075
0.00469483568075
0.00469483568075
0.00469483568075
0.0234741784038
0.0610328638498
0.0
0.0
0.0
0.0
0.0516431924883
0.0845070422535
0.0469483568075
0.037558685446
0.037558685446
0.0281690140845
0.0798122065728
0.093896713615
0.0657276995305
0.0422535211268
0.0422535211268
0.0985915492958
0.075117370892
0.018779342723
0.0
0.0
0.0
0.0281690140845
0.037558685446
0.017094017094
0.00854700854701
0.017094017094
0.017094017094
0.00854700854701
0.00854700854701
0.0
0.025641025641
0.034188034188
0.025641025641
0.017094017094
0.0
0.025641025641
0.034188034188
0.034188034188
0.017094017094
0.0
0.034188034188
0.188034188034
0.0598290598291
0.042735042735
0.00854700854701
0.025641025641
0.128205128205
0.102564102564
0.0
0.0
0.0
0.0
0.119658119658
0.0243902439024
0.0121951219512
0.0121951219512
0.0121951219512
0.0182926829268
0.0182926829268
0.103658536585
0.0243902439024
0.0121951219512
0.0121951219512
0.0243902439024
0.0426829268293
0.0609756097561
0.0365853658537
0.0487804878049
0.0731707317073
0.0487804878049
0.0426829268293
0.0487804878049
0.0487804878049
0.030487804878
0.0182926829268
0.0548780487805
0.0792682926829
0.0
0.0487804878049
0.0
0.0
0.0426829268293
0.0
0.0
0.0
0.0
0.0
0.0
0.0
0.0
0.0
0.0
0.0
0.0
0.0
0.0
0.0169491525424
0.0338983050847
0.0338983050847
0.0169491525424
0.0
0.0677966101695
0.0254237288136
0.0
0.0
0.0254237288136
0.0677966101695
0.245762711864
0.0593220338983
0.0508474576271
0.0508474576271
0.0593220338983
0.245762711864
0.0277777777778
0.0
0.0
0.0277777777778
0.0
0.0277777777778
0.0694444444444
0.0138888888889
0.0
0.0
0.0138888888889
0.0694444444444
0.138888888889
0.0
0.0
0.0
0.0
0.0694444444444
0.166666666667
0.0277777777778
0.0
0.0
0.0
0.125
0.152777777778
0.0
0.0
0.0
0.0
0.0694444444444
0.0657894736842
0.0
0.0131578947368
0.0131578947368
0.0131578947368
0.0526315789474
0.0921052631579
0.0
0.0
0.0
0.0
0.0921052631579
0.0789473684211
0.0
0.0
0.0
0.0
0.0789473684211
0.0921052631579
0.0
0.0
0.0
0.0
0.0921052631579
0.118421052632
0.0
0.0
0.0
0.0
0.197368421053
0.0
0.0
0.0
0.0
0.0
0.0
0.0469798657718
0.0268456375839
0.0469798657718
0.0402684563758
0.0402684563758
0.0604026845638
0.134228187919
0.0469798657718
0.0201342281879
0.0268456375839
0.0469798657718
0.120805369128
0.161073825503
0.00671140939597
0.0
0.0
0.0
0.0872483221477
0.0872483221477
0.0
0.0
0.0
0.0
0.0
0.0724637681159
0.0
0.0144927536232
0.0
0.0289855072464
0.0579710144928
0.0869565217391
0.0
0.0
0.0
0.0
0.0869565217391
0.0869565217391
0.0
0.0
0.0
0.0
0.144927536232
0.101449275362
0.0
0.0
0.0
0.0
0.115942028986
0.101449275362
0.0
0.0
0.0
0.0
0.101449275362
0.0196078431373
0.0196078431373
0.0196078431373
0.0
0.0
0.0392156862745
0.0
0.0
0.0196078431373
0.0392156862745
0.0294117647059
0.0392156862745
0.0
0.0
0.0
0.0294117647059
0.0392156862745
0.0588235294118
0.0882352941176
0.0
0.0
0.0
0.0392156862745
0.117647058824
0.205882352941
0.0
0.0
0.0
0.0
0.196078431373
0.0328638497653
0.0
0.00469483568075
0.00469483568075
0.00469483568075
0.0234741784038
0.0657276995305
0.0
0.0
0.0
0.0
0.0469483568075
0.075117370892
0.0469483568075
0.0469483568075
0.0469483568075
0.0281690140845
0.0798122065728
0.107981220657
0.056338028169
0.0328638497653
0.0234741784038
0.0985915492958
0.0892018779343
0.0140845070423
0.0
0.0
0.0
0.018779342723
0.0516431924883
0.0168067226891
0.0
0.0
0.0
0.0
0.0168067226891
0.00840336134454
0.0252100840336
0.0168067226891
0.0336134453782
0.0336134453782
0.0
0.0504201680672
0.0420168067227
0.0420168067227
0.0420168067227
0.0168067226891
0.0504201680672
0.193277310924
0.0336134453782
0.0168067226891
0.0
0.0
0.134453781513
0.0924369747899
0.0
0.0
0.0
0.0
0.134453781513
0.041095890411
0.013698630137
0.013698630137
0.0
0.013698630137
0.027397260274
0.0684931506849
0.0
0.0
0.0
0.0
0.0821917808219
0.0958904109589
0.0
0.0
0.0
0.0
0.0684931506849
0.178082191781
0.0
0.0
0.0
0.0
0.13698630137
0.0547945205479
0.0
0.0
0.0
0.0
0.205479452055
0.025
0.025
0.0125
0.0125
0.025
0.025
0.075
0.0
0.0
0.0
0.0
0.075
0.0875
0.0
0.0
0.0
0.0
0.0875
0.075
0.0
0.0
0.0
0.0
0.075
0.2
0.0
0.0
0.0
0.0
0.2
0.0
0.0
0.0
0.0
0.0
0.0
0.0217391304348
0.0108695652174
0.0108695652174
0.0108695652174
0.0217391304348
0.0108695652174
0.054347826087
0.0217391304348
0.0217391304348
0.0217391304348
0.0217391304348
0.054347826087
0.228260869565
0.0326086956522
0.0
0.0
0.0108695652174
0.217391304348
0.119565217391
0.0
0.0
0.0
0.0
0.108695652174
0.0042194092827
0.0042194092827
0.0126582278481
0.0084388185654
0.0126582278481
0.0
0.0675105485232
0.0253164556962
0.0168776371308
0.0295358649789
0.0253164556962
0.0590717299578
0.143459915612
0.0
0.0042194092827
0.0210970464135
0.0
0.101265822785
0.0253164556962
0.0928270042194
0.0970464135021
0.0506329113924
0.0801687763713
0.0168776371308
0.0
0.0464135021097
0.0084388185654
0.0042194092827
0.042194092827
0.0
0.0285714285714
0.0
0.0
0.0142857142857
0.0
0.0285714285714
0.0714285714286
0.0142857142857
0.0
0.0142857142857
0.0142857142857
0.0714285714286
0.142857142857
0.0
0.0
0.0
0.0
0.0714285714286
0.171428571429
0.0285714285714
0.0
0.0
0.0
0.114285714286
0.142857142857
0.0
0.0
0.0
0.0
0.0714285714286
0.017094017094
0.00854700854701
0.017094017094
0.017094017094
0.00854700854701
0.00854700854701
0.0
0.025641025641
0.034188034188
0.025641025641
0.017094017094
0.0
0.017094017094
0.034188034188
0.034188034188
0.017094017094
0.0
0.034188034188
0.196581196581
0.0598290598291
0.042735042735
0.00854700854701
0.025641025641
0.136752136752
0.102564102564
0.0
0.0
0.0
0.0
0.111111111111
0.0168067226891
0.0
0.0
0.0
0.0
0.0168067226891
0.00840336134454
0.0252100840336
0.0168067226891
0.0336134453782
0.0336134453782
0.0
0.0504201680672
0.0420168067227
0.0420168067227
0.0420168067227
0.0168067226891
0.0504201680672
0.193277310924
0.0336134453782
0.0168067226891
0.0
0.0
0.134453781513
0.0924369747899
0.0
0.0
0.0
0.0
0.134453781513
0.0
0.0
0.0
0.0
0.0
0.0
0.046357615894
0.0198675496689
0.046357615894
0.0397350993377
0.0397350993377
0.0596026490066
0.12582781457
0.046357615894
0.0198675496689
0.0264900662252
0.046357615894
0.119205298013
0.165562913907
0.0132450331126
0.0
0.0
0.0
0.0860927152318
0.0927152317881
0.0
0.0
0.0
0.0
0.00662251655629
0.00574712643678
0.00574712643678
0.00574712643678
0.00574712643678
0.00574712643678
0.0114942528736
0.0
0.0114942528736
0.0459770114943
0.0459770114943
0.0114942528736
0.0
0.0459770114943
0.0574712643678
0.0402298850575
0.0402298850575
0.0574712643678
0.0459770114943
0.16091954023
0.0229885057471
0.0
0.0
0.0172413793103
0.172413793103
0.0977011494253
0.0
0.0
0.0
0.0
0.0862068965517
0.00854700854701
0.00854700854701
0.0
0.0
0.0
0.017094017094
0.00854700854701
0.034188034188
0.017094017094
0.034188034188
0.034188034188
0.0
0.0598290598291
0.042735042735
0.034188034188
0.042735042735
0.017094017094
0.0512820512821
0.188034188034
0.034188034188
0.017094017094
0.0
0.0
0.128205128205
0.0940170940171
0.0
0.0
0.0
0.0
0.128205128205
0.0
0.0
0.00353356890459
0.00353356890459
0.0
0.0
0.095406360424
0.0282685512367
0.0318021201413
0.0247349823322
0.0212014134276
0.0565371024735
0.0706713780919
0.0212014134276
0.0141342756184
0.0318021201413
0.0459363957597
0.0388692579505
0.0
0.0318021201413
0.0636042402827
0.0600706713781
0.0777385159011
0.106007067138
0.0
0.0742049469965
0.0353356890459
0.0247349823322
0.0388692579505
0.0
0.0
0.00675675675676
0.00675675675676
0.00675675675676
0.00675675675676
0.0
0.0675675675676
0.0135135135135
0.027027027027
0.0405405405405
0.0472972972973
0.0810810810811
0.114864864865
0.0337837837838
0.0337837837838
0.0337837837838
0.0202702702703
0.0743243243243
0.155405405405
0.0202702702703
0.0
0.0
0.0
0.0743243243243
0.108108108108
0.0
0.0
0.0
0.0
0.027027027027
0.0
0.0
0.0
0.0
0.0
0.0
0.0
0.0
0.0
0.0
0.0
0.0
0.0
0.016393442623
0.0245901639344
0.0245901639344
0.016393442623
0.0
0.0655737704918
0.0327868852459
0.0245901639344
0.0327868852459
0.0327868852459
0.0655737704918
0.229508196721
0.0573770491803
0.0409836065574
0.0409836065574
0.0491803278689
0.245901639344
0.041095890411
0.013698630137
0.013698630137
0.0
0.013698630137
0.027397260274
0.0684931506849
0.0
0.0
0.0
0.0
0.0821917808219
0.0958904109589
0.0
0.0
0.0
0.0
0.0684931506849
0.178082191781
0.0
0.0
0.0
0.0
0.13698630137
0.0547945205479
0.0
0.0
0.0
0.0
0.205479452055
0.041095890411
0.013698630137
0.013698630137
0.0
0.013698630137
0.027397260274
0.0684931506849
0.0
0.0
0.0
0.0
0.0821917808219
0.0958904109589
0.0
0.0
0.0
0.0
0.0684931506849
0.178082191781
0.0
0.0
0.0
0.0
0.13698630137
0.0547945205479
0.0
0.0
0.0
0.0
0.205479452055
0.0258620689655
0.0
0.0172413793103
0.0172413793103
0.00862068965517
0.00862068965517
0.0
0.0258620689655
0.0344827586207
0.0258620689655
0.0172413793103
0.0
0.0431034482759
0.0258620689655
0.0344827586207
0.0172413793103
0.0
0.0258620689655
0.163793103448
0.0603448275862
0.0431034482759
0.00862068965517
0.0258620689655
0.129310344828
0.120689655172
0.0
0.0
0.0
0.0
0.120689655172
0.0281690140845
0.0140845070423
0.0140845070423
0.0
0.0140845070423
0.0281690140845
0.0704225352113
0.0140845070423
0.0
0.0
0.0
0.0704225352113
0.140845070423
0.0
0.0
0.0
0.0
0.0845070422535
0.197183098592
0.0281690140845
0.0
0.0
0.0
0.112676056338
0.12676056338
0.0
0.0
0.0
0.0
0.056338028169
0.0042194092827
0.0084388185654
0.0084388185654
0.0084388185654
0.0084388185654
0.0084388185654
0.0675105485232
0.0253164556962
0.0126582278481
0.0295358649789
0.0210970464135
0.0632911392405
0.147679324895
0.0
0.0042194092827
0.0210970464135
0.0
0.0970464135021
0.0253164556962
0.0928270042194
0.0970464135021
0.0506329113924
0.0801687763713
0.0210970464135
0.0
0.042194092827
0.0084388185654
0.0042194092827
0.042194092827
0.0
0.0
0.0
0.0
0.0
0.0
0.0
0.0397350993377
0.0331125827815
0.0397350993377
0.0331125827815
0.0529801324503
0.0529801324503
0.145695364238
0.0529801324503
0.0198675496689
0.0264900662252
0.0397350993377
0.132450331126
0.152317880795
0.0
0.0
0.0
0.0
0.0860927152318
0.0860927152318
0.0
0.0
0.0
0.0
0.00662251655629
0.0325581395349
0.0
0.0046511627907
0.0046511627907
0.0046511627907
0.0232558139535
0.0604651162791
0.0
0.0
0.0
0.0
0.046511627907
0.0883720930233
0.046511627907
0.0511627906977
0.0558139534884
0.0279069767442
0.0790697674419
0.111627906977
0.0511627906977
0.0279069767442
0.0186046511628
0.093023255814
0.093023255814
0.0139534883721
0.0
0.0
0.0
0.0186046511628
0.046511627907
0.017094017094
0.00854700854701
0.017094017094
0.017094017094
0.00854700854701
0.00854700854701
0.0
0.025641025641
0.034188034188
0.025641025641
0.017094017094
0.0
0.034188034188
0.034188034188
0.034188034188
0.017094017094
0.0
0.034188034188
0.17094017094
0.0598290598291
0.042735042735
0.00854700854701
0.025641025641
0.136752136752
0.111111111111
0.0
0.0
0.0
0.0
0.111111111111
0.0
0.0
0.0
0.0
0.0
0.0
0.0
0.0
0.0
0.00609756097561
0.00609756097561
0.0
0.0182926829268
0.030487804878
0.0182926829268
0.0487804878049
0.0365853658537
0.00609756097561
0.182926829268
0.0426829268293
0.0243902439024
0.0548780487805
0.0609756097561
0.237804878049
0.115853658537
0.00609756097561
0.0
0.0121951219512
0.0121951219512
0.0792682926829
0.0
0.0
0.0
0.0
0.0
0.0
0.0
0.0
0.0
0.0
0.0
0.0
0.0
0.00826446280992
0.0165289256198
0.0413223140496
0.0247933884298
0.0
0.0495867768595
0.0495867768595
0.0247933884298
0.0165289256198
0.00826446280992
0.0826446280992
0.231404958678
0.0661157024793
0.0413223140496
0.0330578512397
0.0661157024793
0.239669421488
0.0
0.0
0.0
0.0
0.0
0.0
0.0952380952381
0.0408163265306
0.047619047619
0.0340136054422
0.0408163265306
0.0748299319728
0.0884353741497
0.0340136054422
0.0272108843537
0.0204081632653
0.0408163265306
0.102040816327
0.0816326530612
0.0
0.0
0.0
0.00680272108844
0.190476190476
0.0
0.0
0.0
0.0
0.0
0.0748299319728
0.0519480519481
0.025974025974
0.0
0.0
0.025974025974
0.0519480519481
0.0779220779221
0.0
0.0
0.0
0.0
0.0779220779221
0.103896103896
0.0
0.0
0.0
0.0
0.103896103896
0.0909090909091
0.0
0.0
0.0
0.0
0.0909090909091
0.116883116883
0.0
0.0
0.0
0.0
0.181818181818
0.017094017094
0.00854700854701
0.017094017094
0.017094017094
0.00854700854701
0.00854700854701
0.0
0.025641025641
0.034188034188
0.025641025641
0.017094017094
0.0
0.042735042735
0.034188034188
0.034188034188
0.017094017094
0.0
0.034188034188
0.17094017094
0.0598290598291
0.042735042735
0.00854700854701
0.025641025641
0.128205128205
0.102564102564
0.0
0.0
0.0
0.0
0.119658119658
0.027027027027
0.0135135135135
0.027027027027
0.0
0.0135135135135
0.027027027027
0.0675675675676
0.0
0.0
0.0
0.0
0.0675675675676
0.0945945945946
0.0
0.0
0.0
0.0
0.0675675675676
0.162162162162
0.0
0.0
0.0
0.0
0.162162162162
0.0540540540541
0.0
0.0
0.0
0.0
0.216216216216
0.0
0.0
0.0
0.0
0.0
0.0
0.0
0.0
0.0
0.0
0.0
0.0
0.0
0.0165289256198
0.0247933884298
0.0330578512397
0.0247933884298
0.0
0.0578512396694
0.0330578512397
0.0247933884298
0.0247933884298
0.00826446280992
0.0826446280992
0.223140495868
0.0661157024793
0.0413223140496
0.0330578512397
0.0661157024793
0.239669421488
0.0485436893204
0.00970873786408
0.00970873786408
0.00970873786408
0.00970873786408
0.0291262135922
0.126213592233
0.0388349514563
0.0
0.0
0.0291262135922
0.0873786407767
0.0679611650485
0.00970873786408
0.0
0.0
0.00970873786408
0.0776699029126
0.126213592233
0.0
0.0
0.0
0.0
0.0582524271845
0.194174757282
0.0
0.0
0.0
0.0
0.0582524271845
0.027972027972
0.00699300699301
0.00699300699301
0.00699300699301
0.013986013986
0.041958041958
0.027972027972
0.013986013986
0.041958041958
0.041958041958
0.0629370629371
0.034965034965
0.0839160839161
0.013986013986
0.0
0.0
0.034965034965
0.0909090909091
0.202797202797
0.034965034965
0.0
0.0
0.0
0.0769230769231
0.118881118881
0.0
0.0
0.0
0.0
0.013986013986
0.0746268656716
0.0
0.0149253731343
0.0149253731343
0.0149253731343
0.044776119403
0.089552238806
0.0
0.0
0.0
0.0
0.10447761194
0.089552238806
0.0
0.0
0.0
0.0
0.149253731343
0.0746268656716
0.0
0.0
0.0
0.0
0.089552238806
0.119402985075
0.0
0.0
0.0
0.0
0.119402985075
0.0281690140845
0.0140845070423
0.0140845070423
0.0
0.0140845070423
0.0281690140845
0.0704225352113
0.0140845070423
0.0
0.0
0.0
0.0704225352113
0.140845070423
0.0
0.0
0.0
0.0
0.0845070422535
0.197183098592
0.0281690140845
0.0
0.0
0.0
0.112676056338
0.12676056338
0.0
0.0
0.0
0.0
0.056338028169
0.0258620689655
0.0
0.0172413793103
0.0172413793103
0.00862068965517
0.00862068965517
0.0
0.0258620689655
0.0344827586207
0.0258620689655
0.0172413793103
0.0
0.0431034482759
0.0258620689655
0.0344827586207
0.0172413793103
0.0
0.0258620689655
0.181034482759
0.0603448275862
0.0431034482759
0.00862068965517
0.0258620689655
0.129310344828
0.103448275862
0.0
0.0
0.0
0.0
0.120689655172