0.580494505495
0.437619047619
2.20433869702
1.91639115646
0.581043956044
0.562380952381
2.20587715856
1.91639115646
0.414694280079
0.504273504274
2.37341956203
0.437869822485
0.520710059172
0.443223443223
1.97405553027
2.18258664413
0.5
0.5
0.375
0.375
0.5
0.5
0.375
0.375
0.573617788462
0.395089285714
1.94232412485
1.45193917411
0.5
0.5
2.48214285714
0.482142857143
0.500621118012
0.466071428571
2.49657497782
0.453290816327
0.534267322984
0.478017585931
2.08853742451
1.40017482417
0.504127966976
0.479738562092
2.44833464862
1.45233884403
0.482456140351
0.502367424242
1.98338649654
1.45682320363
0.499564270153
0.526666666667
2.88986415481
1.7291372549
0.5
0.5
1.89285714286
0.47619047619
0.542824074074
0.73125
2.80580873843
0.3388671875
0.413770274743
0.495283018868
2.0559271681
2.96015782604
0.423607562596
0.49306518724
2.04944163595
2.17685792387
0.48748921484
0.507232401157
2.16117625426
1.665697077
0.412102243088
0.432394366197
2.23571160925
1.91900085962
0.412623891497
0.567605633803
2.23400706797
1.91900085962
0.387477313975
0.284482758621
2.03575004694
0.688763376932
0.509490940466
0.513661202186
2.20040241022
1.31113499955
0.576903423608
0.506241331484
2.05510713347
2.17074451611
0.466460268318
0.497693194925
1.65845120298
1.23030169392
0.480562200957
0.499772727273
1.55442413821
2.0877259814
0.50356824264
0.499435028249
1.96206852235
1.2302212008
0.452643483178
0.466995958689
2.44856662501
1.10350761131
0.516746411483
0.484242424242
2.72170508917
1.01779063361
0.540779220779
0.501693958216
1.95284196323
1.55512880682
0.507741935484
0.472520908005
2.72807145335
2.04435323287
0.499862068966
0.444334975369
3.38434435196
2.26473246136
0.5
0.468674698795
3.15024096386
2.57916969081
0.5
0.385135135135
3.37216216216
1.86536198361
0.388
0.332954545455
2.34512727273
1.67512396694
0.519772727273
0.510869565217
2.98158961777
2.34313241107
0.496119402985
0.5
1.94275785253
3.24018067557
0.5
0.5
2.39814814815
0.481481481481
0.576170212766
0.681669394435
3.15601629697
1.28412612738
0.494545454545
0.412166780588
2.29289256198
1.82693451456
0.656
0.24
2.8856
1.28266666667
0.513518518519
0.500603864734
1.98061642661
2.85184346484
0.500697674419
0.499082007344
2.057894808
2.62513698728
0.496228571429
0.497639751553
2.92255869388
2.69993398403
0.376115107914
0.418065547562
2.00156513638
2.22808228238
0.470229497673
0.519576032879
3.0783268699
2.47101503084
0.451791907514
0.467630057803
2.45964516021
2.33973737846
0.507636363636
0.512280701754
2.94090578512
1.80869750133
0.308
0.5
2.82528888889
0.882222222222
0.572727272727
0.503588516746
2.58201101928
3.00015405249
0.464117647059
0.5
2.09428200692
1.70012787724
0.49
0.502272727273
2.03516666667
2.55942550505
0.501349693252
0.50569675723
2.44872746434
1.49004299676
0.367652173913
0.480745341615
1.85244914934
1.30681069403
0.51397260274
0.488464311464
3.67635203603
1.29036997165
0.5
0.5
2.74081081081
1.82074721781
0.557473684211
0.436090225564
3.32447202216
0.739058171745
0.512700729927
0.517274939173
3.17093079013
1.31632656686
0.5075
0.562065972222
2.90914930556
1.46397268036
0.520310077519
0.530146425495
1.71193558079
1.09389125921
0.50676056338
0.454665492958
2.80378694703
1.54766229419
0.504968152866
0.486624203822
2.48989249057
1.60379190501
0.361224489796
0.552380952381
2.7048604748
0.83537414966
0.49567251462
0.499805068226
2.56391778667
1.65877135985
0.495031847134
0.516348195329
2.49193070713
1.61945176951